139.17
139.17
139.17
139.17
139.17
139.17
139.17
139.17
139.17
139.17
139.17
139.17
139.17
139.17
139.17
138.33
139.17
138.33
139.17
139.17
139.17
139.17
139.17
139.17
139.17
139.17
138.33
138.33
138.33
137.50
137.50
137.50
138.33
138.33
138.33
138.33
138.33
139.17
139.17
139.17
139.17
139.17
139.17
139.17
139.17
139.17
139.17
139.17
139.17
139.17
139.17
139.17
139.17
140.00
139.17
140.00
139.17
139.17
139.17
139.17
139.17
140.00
139.17
140.00
139.17
139.17
139.17
139.17
139.17
139.17
139.17
139.17
139.17
139.17
139.17
139.17
