23.69
23.69
23.69
23.69
23.69
23.69
23.69
23.69
23.69
23.69
23.69
23.69
23.69
23.75
23.75
23.75
23.75
23.75
23.75
23.75
23.75
23.75
23.75
23.81
23.81
23.81
23.81
23.81
23.81
23.81
23.81
23.88
23.88
23.88
23.88
23.94
23.94
23.94
23.94
24.00
24.00
24.06
24.06
24.12
24.12
24.25
24.25
24.38
24.38
24.50
24.50
24.56
24.56
24.69
24.69
24.75
24.75
24.81
24.81
24.87
24.87
24.87
24.87
24.94
24.94
25.00
25.00
25.00
25.00
25.00
25.00
25.06
25.06
25.06
25.06
25.06
